0	10011,4,0,1,0,0,1,5,2,2,0,0,3,0,1,1,0,1,0,0,0,0,0,0,0,7,0,2,0,0,0,1,4,1,2,1,0,2,0,2,1,3,2,1,0,0,1,1,0,2,10,0,1,0,1,0,1,0,0,0,2,0,2,1,1,0,10,1,0
1	10010,5,11,1,0,0,1,3,2,2,0,0,0,0,3,3,0,3,0,0,0,0,0,0,0,6,0,2,0,0,0,1,4,1,2,1,0,2,0,2,1,0,4,0,0,0,1,1,0,4,21,0,1,0,1,0,0,0,0,0,4,0,2,1,1,0,11,1,0
2	10009,3,1,12,0,0,1,0,2,2,0,0,0,0,3,0,0,1,0,0,0,0,0,0,0,4,0,2,2,4,0,0,2,1,2,6,0,2,0,2,1,0,2,2,0,0,0,3,0,2,10,0,6,1,1,1,0,0,0,1,0,0,1,1,2,0,8,1,1
3	10008,6,1,1,0,0,1,0,2,2,0,0,7,0,1,0,0,1,0,0,0,0,0,0,0,7,0,2,2,0,0,0,4,1,2,6,0,2,0,2,1,2,2,1,0,0,0,6,0,2,10,0,1,0,1,0,1,0,0,3,0,0,1,1,2,0,10,1,0
4	10007,4,1,2,0,0,6,0,2,2,0,0,4,0,5,5,0,2,1,0,0,0,0,0,0,9,0,2,0,0,0,11,4,1,2,3,0,2,0,2,1,2,3,1,0,0,0,1,0,3,10,0,1,0,1,0,1,0,0,0,0,0,2,1,1,0,11,1,0
5	10006,1,1,1,0,0,0,0,0,0,0,0,0,0,0,0,0,0,0,0,0,0,0,0,0,0,0,2,0,4,0,0,0,1,0,0,0,0,0,2,1,0,0,2,0,121,0,0,1,0,10,1,0,0,2,0,0,0,0,0,0,0,0,0,0,0,4,0,0
6	10005,1,1,2,0,0,0,0,0,0,0,0,0,0,0,0,0,0,0,0,0,0,0,0,0,0,0,2,0,4,0,0,0,1,0,0,0,0,0,2,0,4,0,2,0,121,0,0,1,0,10,1,0,0,2,0,1,0,0,0,0,0,0,0,0,0,4,0,0
7	10004,7,1,1,0,0,0,0,2,2,0,0,3,0,0,0,0,0,0,0,0,1,0,0,0,0,0,2,2,0,0,0,4,1,2,0,0,2,0,2,1,4,0,1,0,0,0,6,0,2,22,0,1,0,1,0,1,0,0,3,0,0,0,2,2,0,5,6,0
8	10003,4,1,2,0,0,1,3,2,2,0,0,3,0,3,3,0,1,0,0,0,0,0,0,1,4,0,2,0,2,0,1,4,1,2,2,0,2,0,2,1,2,2,0,0,0,1,1,0,2,10,0,4,0,1,0,1,0,0,0,1,0,1,1,1,0,10,1,0
9	10002,3,1,2,0,0,7,4,2,2,0,0,1,0,4,4,0,1,0,1,0,0,0,0,0,1,0,2,0,4,0,10,4,1,2,4,0,2,0,2,1,4,2,2,0,0,0,1,0,2,10,0,6,0,1,0,1,0,0,0,2,0,2,1,1,0,10,1,0
10	10001,6,1,1,0,0,7,5,2,2,0,0,3,0,1,1,0,1,0,0,0,0,1,0,0,4,0,2,0,0,0,1,4,1,2,2,0,2,0,2,2,4,2,1,0,0,1,1,0,2,10,0,1,0,1,0,1,0,0,0,1,0,2,1,1,0,5,1,0
11	10000,5,0,1,0,0,5,3,2,2,1,0,1,0,4,3,0,2,0,0,1,0,0,0,0,10,0,1,0,1,0,1,4,2,2,3,0,2,0,2,1,4,3,0,0,0,3,1,0,3,22,0,3,0,1,0,1,0,0,0,5,0,2,1,1,0,11,1,0
